24748.3 50840
24758.9 51211.9
24827.2 51394.7
24904.4 51175
24996.1 51548.9
25010 51039.4
25030.8 51275.3
25067.8 51077.5
25100 51516.7
25103.3 51521.7
25121.9 51218.3
25150.8 51537.8
25158.3 51163.6
25162.2 51220.8
25167.8 51606.9
25168.9 51086.4
25173.9 51269.4
25210.8 51394.2
25211.4 51619.2
25214.2 50807.2
25214.4 51378.9
25223.3 51451.7
25224.2 51174.4
25233.3 51333.3
25234.2 51203.1
25235.6 51330
25235.6 51495.6
25242.8 51428.9
25243.1 51452.5
25252.5 51559.2
25253.9 51535.3
25253.9 51549.7
25256.9 51398.9
25263.6 51516.4
25265.8 51545.3
25266.7 50969.2
25266.7 51483.3
25270.6 51532.8
25270.8 51505.8
25270.8 51523.1
25275.8 51533.6
25277.2 51547.8
25278.3 51525.6
25278.3 51541.4
25279.2 51445.6
25281.1 51535
25281.4 51512.5
25283.3 51533.3
25283.6 51546.7
25284.7 51555.3
25286.1 51504.2
25286.1 51534.2
25286.7 51533.3
25287.5 51537.8
25288.1 51546.7
25290.8 51528.3
25291.9 51424.4
25292.5 51520.8
25298.6 51001.7
25300.8 51394.4
25306.9 51507.8
25311.9 51003.1
25313.9 50883.3
25315.3 51438.6
25316.7 50766.7
25320.6 51495.6
25322.5 51507.8
25325.3 51470
25326.7 51350.3
25337.5 51425
25339.2 51173.3
25340.6 51293.6
25341.9 51507.5
25358.9 51333.6
25363.6 51281.1
25368.6 51226.4
25374.4 51436.7
25377.8 51294.7
25396.9 51422.5
25400 51183.3
25400 51425
25404.7 51073.1
25416.9 51403.9
25416.9 51457.8
25419.4 50793.6
25429.7 50785.8
25433.3 51220
25440.8 51378.1
25444.4 50958.3
25451.4 50925
25459.2 51316.7
25469.7 51397.5
25478.1 51362.5
25480.6 50938.9
25483.3 51383.3
25490.6 51373.6
25492.2 51400.3
25495 50846.7
25495 50965.3
25497.5 51485.3
25500.8 50980.6
25510.6 51242.2
25531.9 51304.4
25533.3 50977.2
25538.9 51408.3
25545.8 51387.5
25549.7 51431.9
25550 51433.3
25560.3 51158.6
25566.9 51484.7
25567.5 50958.9
25574.7 51486.4
25585.6 51151.4
25609.4 51092.2
25610.3 51475.3
25622.5 51454.4
25645.8 51450
25650 51372.2
25666.9 51174.4
25683.9 51505.8
25686.4 51468.9
25696.1 51260.8
25700.8 51584.7
25708.3 51591.7
25716.7 51050
25717.5 51057.8
25723.1 51004.2
25734.7 51547.5
25751.1 51449.2
25751.9 50920.8
25758.3 51395.8
25765.3 51019.7
25772.2 51483.3
25775.8 51023.1
25779.2 51449.7
25793.3 51409.4
25808.3 51060.6
25816.7 51133.3
25823.6 51152.5
25826.7 51043.9
25829.7 51245.3
25833.3 51072.2
25839.2 51465.3
25847.8 51205.8
25850 51033.3
25856.7 51083.3
25857.5 51298.9
25857.5 51441.4
25866.7 51066.7
25867.8 51205.6
25871.9 51354.7
25872.5 51258.3
25880.8 51221.4
25883.1 51185.3
25888.1 51386.4
25900 51000
25904.2 51201.7
25928.3 51337.5
25937.5 51313.3
25944.7 51456.4
25950 51066.7
25951.7 51349.7
25957.8 51075.3
25958.3 51099.4
25966.7 51283.3
25983.3 51400
25983.6 51328.1
26000.3 51294.4
26008.6 51083.6
26016.7 51333.3
26021.7 51366.9
26033.3 51116.7
26033.3 51166.7
26033.6 51163.9
26033.6 51200.3
26048.9 51056.9
26050 51250
26050.3 51297.5
26050.6 51135.8
26055 51316.1
26067.2 51258.6
26074.7 51083.6
26076.7 51166.9
26077.2 51222.2
26078.1 51361.7
26083.6 51147.2
26099.7 51161.1
26108.1 51244.7
26116.7 51216.7
26123.6 51169.2
26123.6 51222.8
26133.3 51216.7
26133.3 51300
26150.3 51108.1
